20.000000 0.438751
120.000000 0.139576
220.000000 0.128386
320.000000 0.127208
420.000000 0.132509
520.000000 0.143698
620.000000 0.180801
720.000000 0.187868
820.000000 0.332155
920.000000 0.351001
1020.000000 0.356890
1120.000000 0.358068
1220.000000 0.355124
1320.000000 0.364547
1420.000000 0.412250
1520.000000 0.424028
1620.000000 0.458186
1720.000000 0.497055
1820.000000 0.506478
1920.000000 0.530624
2020.000000 0.539458
2120.000000 0.541814
2220.000000 0.614841
2320.000000 0.679034
2420.000000 0.702002
2520.000000 0.703180
2620.000000 0.714370
2720.000000 0.737927
2820.000000 0.762662
2920.000000 0.802709
3020.000000 0.842756
3120.000000 0.847468
3220.000000 0.877503
3320.000000 0.883981
3420.000000 0.912839
